1.0000	0.5670	0.5670	0.4983	0.8253	0.6053	0.5139	0.5143	0.4982	0.5134	0.8253	0.5670	0.8252	0.8254	0.5135	0.5669	0.7498	0.7497	0.7496	0.5669
0.5670	1.0000	0.9991	0.7477	0.6053	0.8219	0.7796	0.7805	0.7475	0.7786	0.6053	0.9991	0.6053	0.6053	0.7787	0.9990	0.5000	0.4999	0.4998	0.9991
0.5670	0.9991	1.0000	0.7477	0.6053	0.8219	0.7796	0.7805	0.7475	0.7786	0.6053	0.9993	0.6053	0.6053	0.7787	0.9992	0.4999	0.4999	0.4998	0.9992
0.4983	0.7477	0.7477	1.0000	0.5315	0.6902	0.6649	0.6656	0.9987	0.6643	0.5316	0.7477	0.5315	0.5316	0.6644	0.7477	0.4988	0.4987	0.4987	0.7477
0.8253	0.6053	0.6053	0.5315	1.0000	0.5684	0.5479	0.5483	0.5314	0.5474	0.9992	0.6053	0.9990	0.9992	0.5475	0.6053	0.6949	0.6948	0.6948	0.6053
0.6053	0.8219	0.8219	0.6902	0.5684	1.0000	0.7162	0.7169	0.6902	0.7154	0.5685	0.8218	0.5684	0.5685	0.7156	0.8217	0.5327	0.5327	0.5326	0.8217
0.5139	0.7796	0.7796	0.6649	0.5479	0.7162	1.0000	0.9985	0.6648	0.9983	0.5479	0.7795	0.5479	0.5479	0.9985	0.7796	0.4533	0.4533	0.4532	0.7795
0.5143	0.7805	0.7805	0.6656	0.5483	0.7169	0.9985	1.0000	0.6654	0.9975	0.5484	0.7805	0.5483	0.5484	0.9978	0.7805	0.4537	0.4536	0.4536	0.7805
0.4982	0.7475	0.7475	0.9987	0.5314	0.6902	0.6648	0.6654	1.0000	0.6641	0.5314	0.7475	0.5314	0.5314	0.6642	0.7475	0.4988	0.4988	0.4987	0.7475
0.5134	0.7786	0.7786	0.6643	0.5474	0.7154	0.9983	0.9975	0.6641	1.0000	0.5474	0.7785	0.5474	0.5474	0.9986	0.7786	0.4529	0.4528	0.4528	0.7786
0.8253	0.6053	0.6053	0.5316	0.9992	0.5685	0.5479	0.5484	0.5314	0.5474	1.0000	0.6053	0.9991	0.9993	0.5475	0.6053	0.6949	0.6948	0.6948	0.6053
0.5670	0.9991	0.9993	0.7477	0.6053	0.8218	0.7795	0.7805	0.7475	0.7785	0.6053	1.0000	0.6053	0.6053	0.7787	0.9992	0.4999	0.4998	0.4998	0.9992
0.8252	0.6053	0.6053	0.5315	0.9990	0.5684	0.5479	0.5483	0.5314	0.5474	0.9991	0.6053	1.0000	0.9992	0.5475	0.6053	0.6948	0.6947	0.6947	0.6053
0.8254	0.6053	0.6053	0.5316	0.9992	0.5685	0.5479	0.5484	0.5314	0.5474	0.9993	0.6053	0.9992	1.0000	0.5475	0.6053	0.6949	0.6948	0.6948	0.6053
0.5135	0.7787	0.7787	0.6644	0.5475	0.7156	0.9985	0.9978	0.6642	0.9986	0.5475	0.7787	0.5475	0.5475	1.0000	0.7787	0.4530	0.4529	0.4529	0.7787
0.5669	0.9990	0.9992	0.7477	0.6053	0.8217	0.7796	0.7805	0.7475	0.7786	0.6053	0.9992	0.6053	0.6053	0.7787	1.0000	0.4999	0.4998	0.4998	0.9992
0.7498	0.5000	0.4999	0.4988	0.6949	0.5327	0.4533	0.4537	0.4988	0.4529	0.6949	0.4999	0.6948	0.6949	0.4530	0.4999	1.0000	0.9991	0.9992	0.4999
0.7497	0.4999	0.4999	0.4987	0.6948	0.5327	0.4533	0.4536	0.4988	0.4528	0.6948	0.4998	0.6947	0.6948	0.4529	0.4998	0.9991	1.0000	0.9990	0.4998
0.7496	0.4998	0.4998	0.4987	0.6948	0.5326	0.4532	0.4536	0.4987	0.4528	0.6948	0.4998	0.6947	0.6948	0.4529	0.4998	0.9992	0.9990	1.0000	0.4998
0.5669	0.9991	0.9992	0.7477	0.6053	0.8217	0.7795	0.7805	0.7475	0.7786	0.6053	0.9992	0.6053	0.6053	0.7787	0.9992	0.4999	0.4998	0.4998	1.0000
