1.0000	0.5669	0.5669	0.4983	0.8254	0.6053	0.5135	0.5137	0.4982	0.5132	0.8255	0.5669	0.8254	0.8253	0.5136	0.5668	0.7496	0.7497	0.7496	0.5669
0.5669	1.0000	0.9997	0.7477	0.6053	0.8218	0.7788	0.7791	0.7476	0.7781	0.6053	0.9997	0.6053	0.6053	0.7790	0.9996	0.4998	0.4998	0.4998	0.9997
0.5669	0.9997	1.0000	0.7477	0.6053	0.8217	0.7787	0.7791	0.7476	0.7781	0.6053	0.9997	0.6053	0.6053	0.7790	0.9997	0.4998	0.4998	0.4998	0.9997
0.4983	0.7477	0.7477	1.0000	0.5315	0.6903	0.6644	0.6646	0.9997	0.6640	0.5315	0.7477	0.5315	0.5315	0.6646	0.7477	0.4987	0.4987	0.4987	0.7477
0.8254	0.6053	0.6053	0.5315	1.0000	0.5684	0.5475	0.5477	0.5315	0.5472	0.9997	0.6053	0.9997	0.9997	0.5476	0.6053	0.6948	0.6948	0.6948	0.6053
0.6053	0.8218	0.8217	0.6903	0.5684	1.0000	0.7156	0.7159	0.6902	0.7151	0.5685	0.8218	0.5685	0.5684	0.7158	0.8215	0.5326	0.5326	0.5326	0.8218
0.5135	0.7788	0.7787	0.6644	0.5475	0.7156	1.0000	0.9995	0.6643	0.9992	0.5475	0.7788	0.5475	0.5475	0.9996	0.7788	0.4529	0.4529	0.4529	0.7788
0.5137	0.7791	0.7791	0.6646	0.5477	0.7159	0.9995	1.0000	0.6646	0.9989	0.5477	0.7791	0.5477	0.5477	0.9996	0.7791	0.4531	0.4531	0.4531	0.7791
0.4982	0.7476	0.7476	0.9997	0.5315	0.6902	0.6643	0.6646	1.0000	0.6639	0.5315	0.7476	0.5315	0.5315	0.6645	0.7476	0.4987	0.4987	0.4987	0.7476
0.5132	0.7781	0.7781	0.6640	0.5472	0.7151	0.9992	0.9989	0.6639	1.0000	0.5472	0.7781	0.5472	0.5472	0.9990	0.7781	0.4526	0.4526	0.4526	0.7781
0.8255	0.6053	0.6053	0.5315	0.9997	0.5685	0.5475	0.5477	0.5315	0.5472	1.0000	0.6053	0.9997	0.9996	0.5476	0.6053	0.6948	0.6948	0.6948	0.6053
0.5669	0.9997	0.9997	0.7477	0.6053	0.8218	0.7788	0.7791	0.7476	0.7781	0.6053	1.0000	0.6053	0.6053	0.7790	0.9996	0.4998	0.4998	0.4998	0.9997
0.8254	0.6053	0.6053	0.5315	0.9997	0.5685	0.5475	0.5477	0.5315	0.5472	0.9997	0.6053	1.0000	0.9997	0.5476	0.6053	0.6948	0.6948	0.6948	0.6053
0.8253	0.6053	0.6053	0.5315	0.9997	0.5684	0.5475	0.5477	0.5315	0.5472	0.9996	0.6053	0.9997	1.0000	0.5476	0.6053	0.6948	0.6948	0.6948	0.6053
0.5136	0.7790	0.7790	0.6646	0.5476	0.7158	0.9996	0.9996	0.6645	0.9990	0.5476	0.7790	0.5476	0.5476	1.0000	0.7790	0.4530	0.4530	0.4530	0.7790
0.5668	0.9996	0.9997	0.7477	0.6053	0.8215	0.7788	0.7791	0.7476	0.7781	0.6053	0.9996	0.6053	0.6053	0.7790	1.0000	0.4997	0.4997	0.4997	0.9996
0.7496	0.4998	0.4998	0.4987	0.6948	0.5326	0.4529	0.4531	0.4987	0.4526	0.6948	0.4998	0.6948	0.6948	0.4530	0.4997	1.0000	0.9997	0.9997	0.4998
0.7497	0.4998	0.4998	0.4987	0.6948	0.5326	0.4529	0.4531	0.4987	0.4526	0.6948	0.4998	0.6948	0.6948	0.4530	0.4997	0.9997	1.0000	0.9997	0.4998
0.7496	0.4998	0.4998	0.4987	0.6948	0.5326	0.4529	0.4531	0.4987	0.4526	0.6948	0.4998	0.6948	0.6948	0.4530	0.4997	0.9997	0.9997	1.0000	0.4998
0.5669	0.9997	0.9997	0.7477	0.6053	0.8218	0.7788	0.7791	0.7476	0.7781	0.6053	0.9997	0.6053	0.6053	0.7790	0.9996	0.4998	0.4998	0.4998	1.0000
